------------------DATA-------------
NUMBER OF VEHICLES
20
LOCID XCOORD YCOORD START   FINISH   DUR   TYPE
0	0	70	0	86400	86400	TECH HOME
1	28	28	0	86400	86400	TECH HOME
2	28	56	0	86400	86400	TECH HOME
3	28	84	0	86400	86400	TECH HOME
4	28	112	0	86400	86400	TECH HOME
5	56	28	0	86400	86400	TECH HOME
6	56	56	0	86400	86400	TECH HOME
7	56	84	0	86400	86400	TECH HOME
8	56	112	0	86400	86400	TECH HOME
9	70	0	0	86400	86400	TECH HOME
10	70	140	0	86400	86400	TECH HOME
11	84	28	0	86400	86400	TECH HOME
12	84	56	0	86400	86400	TECH HOME
13	84	84	0	86400	86400	TECH HOME
14	84	112	0	86400	86400	TECH HOME
15	112	28	0	86400	86400	TECH HOME
16	112	56	0	86400	86400	TECH HOME
17	112	84	0	86400	86400	TECH HOME
18	112	112	0	86400	86400	TECH HOME
19	140	70	0	86400	86400	TECH HOME
20	33	78	42000	66000	5400	CUSTOMER
21	59	52	30000	54000	5400	CUSTOMER
22	10	137	6000	30000	5400	CUSTOMER
23	4	28	36000	60000	5400	CUSTOMER
24	25	26	6000	30000	5400	CUSTOMER
25	86	37	24000	48000	5400	CUSTOMER
26	1	109	36000	60000	5400	CUSTOMER
27	6	135	18000	42000	5400	CUSTOMER
28	32	79	36000	60000	5400	CUSTOMER
29	24	26	12000	36000	5400	CUSTOMER
30	86	36	18000	42000	5400	CUSTOMER
31	95	35	6000	30000	5400	CUSTOMER
32	63	50	18000	42000	5400	CUSTOMER
33	100	106	30000	54000	5400	CUSTOMER
34	99	112	48000	72000	5400	CUSTOMER
35	36	135	36000	60000	5400	CUSTOMER
36	57	59	48000	72000	5400	CUSTOMER
37	8	124	12000	36000	5400	CUSTOMER
38	85	106	12000	36000	5400	CUSTOMER
39	103	69	0	24000	5400	CUSTOMER
40	109	131	6000	30000	5400	CUSTOMER
41	43	140	24000	48000	5400	CUSTOMER
42	115	134	6000	30000	5400	CUSTOMER
43	98	70	24000	48000	5400	CUSTOMER
44	112	67	24000	48000	5400	CUSTOMER
45	102	104	12000	36000	5400	CUSTOMER
46	93	75	12000	36000	5400	CUSTOMER
47	90	104	48000	72000	5400	CUSTOMER
48	127	108	42000	66000	5400	CUSTOMER
49	84	99	0	24000	5400	CUSTOMER
50	113	69	18000	42000	5400	CUSTOMER
51	129	9	6000	30000	5400	CUSTOMER
52	18	38	30000	54000	5400	CUSTOMER
53	30	27	42000	66000	5400	CUSTOMER
54	25	80	24000	48000	5400	CUSTOMER
55	17	37	30000	54000	5400	CUSTOMER
56	32	106	36000	60000	5400	CUSTOMER
57	43	135	12000	36000	5400	CUSTOMER
58	61	59	54000	78000	5400	CUSTOMER
59	104	106	24000	48000	5400	CUSTOMER
60	109	71	6000	30000	5400	CUSTOMER
61	121	110	48000	72000	5400	CUSTOMER
62	61	48	24000	48000	5400	CUSTOMER
63	74	99	12000	36000	5400	CUSTOMER
64	89	73	0	24000	5400	CUSTOMER
65	21	25	24000	48000	5400	CUSTOMER
66	99	28	24000	48000	5400	CUSTOMER
67	101	96	6000	30000	5400	CUSTOMER
68	9	114	54000	78000	5400	CUSTOMER
69	121	112	12000	36000	5400	CUSTOMER
70	137	6	36000	60000	5400	CUSTOMER
71	118	131	48000	72000	5400	CUSTOMER
72	34	82	54000	78000	5400	CUSTOMER
73	4	125	18000	42000	5400	CUSTOMER
74	26	105	6000	30000	5400	CUSTOMER
75	35	123	66000	90000	5400	CUSTOMER
76	21	48	6000	30000	5400	CUSTOMER
77	21	115	18000	42000	5400	CUSTOMER
78	99	108	54000	78000	5400	CUSTOMER
79	1	34	6000	30000	5400	CUSTOMER
80	94	70	30000	54000	5400	CUSTOMER
81	74	93	0	24000	5400	CUSTOMER
82	32	128	66000	90000	5400	CUSTOMER
83	94	73	42000	66000	5400	CUSTOMER
84	135	3	12000	36000	5400	CUSTOMER
85	97	28	6000	30000	5400	CUSTOMER
86	59	56	42000	66000	5400	CUSTOMER
87	80	97	24000	48000	5400	CUSTOMER
88	134	31	30000	54000	5400	CUSTOMER
89	103	34	30000	54000	5400	CUSTOMER
90	30	79	30000	54000	5400	CUSTOMER
91	4	30	42000	66000	5400	CUSTOMER
92	87	39	0	24000	5400	CUSTOMER
93	90	101	54000	78000	5400	CUSTOMER
94	119	136	18000	42000	5400	CUSTOMER
95	78	92	30000	54000	5400	CUSTOMER
96	110	66	36000	60000	5400	CUSTOMER
97	62	58	6000	30000	5400	CUSTOMER
98	127	112	36000	60000	5400	CUSTOMER
99	113	71	18000	42000	5400	CUSTOMER
100	34	104	42000	66000	5400	CUSTOMER
101	2	28	6000	30000	5400	CUSTOMER
102	17	43	12000	36000	5400	CUSTOMER
103	1	24	18000	42000	5400	CUSTOMER
104	112	71	6000	30000	5400	CUSTOMER
105	135	0	18000	42000	5400	CUSTOMER
106	125	108	42000	66000	5400	CUSTOMER
107	8	138	12000	36000	5400	CUSTOMER
108	103	111	36000	60000	5400	CUSTOMER
109	57	53	36000	60000	5400	CUSTOMER
110	98	31	30000	54000	5400	CUSTOMER
111	116	132	54000	78000	5400	CUSTOMER
112	28	99	6000	30000	5400	CUSTOMER
113	137	3	30000	54000	5400	CUSTOMER
114	29	28	48000	72000	5400	CUSTOMER
115	94	105	36000	60000	5400	CUSTOMER
116	92	107	24000	48000	5400	CUSTOMER
117	10	134	36000	60000	5400	CUSTOMER
118	34	79	48000	72000	5400	CUSTOMER
119	94	72	36000	60000	5400	CUSTOMER
120	35	76	0	24000	5400	CUSTOMER
121	76	99	18000	42000	5400	CUSTOMER
122	127	28	6000	30000	5400	CUSTOMER
123	8	119	6000	30000	5400	CUSTOMER
124	102	110	42000	66000	5400	CUSTOMER
125	24	24	36000	60000	5400	CUSTOMER
126	64	61	60000	84000	5400	CUSTOMER
127	22	38	54000	78000	5400	CUSTOMER
128	88	72	54000	78000	5400	CUSTOMER
129	107	63	42000	66000	5400	CUSTOMER
130	33	131	54000	78000	5400	CUSTOMER
131	123	112	24000	48000	5400	CUSTOMER
132	67	55	0	24000	5400	CUSTOMER
133	39	128	6000	30000	5400	CUSTOMER
134	136	0	24000	48000	5400	CUSTOMER
135	93	36	6000	30000	5400	CUSTOMER
136	7	115	48000	72000	5400	CUSTOMER
137	21	44	6000	30000	5400	CUSTOMER
138	28	74	12000	36000	5400	CUSTOMER
139	86	102	6000	30000	5400	CUSTOMER
140	19	37	36000	60000	5400	CUSTOMER
141	84	36	30000	54000	5400	CUSTOMER
142	118	108	54000	78000	5400	CUSTOMER
143	132	24	18000	42000	5400	CUSTOMER
144	6	25	30000	54000	5400	CUSTOMER
145	28	78	24000	48000	5400	CUSTOMER
146	2	132	30000	54000	5400	CUSTOMER
147	22	22	30000	54000	5400	CUSTOMER
148	88	35	18000	42000	5400	CUSTOMER
149	94	104	42000	66000	5400	CUSTOMER
150	74	96	6000	30000	5400	CUSTOMER
151	0	117	30000	54000	5400	CUSTOMER
152	99	96	0	24000	5400	CUSTOMER
153	119	114	6000	30000	5400	CUSTOMER
154	28	107	12000	36000	5400	CUSTOMER
155	133	12	48000	72000	5400	CUSTOMER
156	35	102	54000	78000	5400	CUSTOMER
157	36	105	48000	72000	5400	CUSTOMER
158	84	39	36000	60000	5400	CUSTOMER
159	34	138	42000	66000	5400	CUSTOMER
160	136	29	24000	48000	5400	CUSTOMER
161	33	133	54000	78000	5400	CUSTOMER
162	16	39	18000	42000	5400	CUSTOMER
163	32	77	6000	30000	5400	CUSTOMER
164	122	131	36000	60000	5400	CUSTOMER
165	77	100	18000	42000	5400	CUSTOMER
166	96	26	12000	36000	5400	CUSTOMER
167	127	29	6000	30000	5400	CUSTOMER
168	91	95	60000	84000	5400	CUSTOMER
169	42	136	18000	42000	5400	CUSTOMER
170	36	132	30000	54000	5400	CUSTOMER
171	103	106	18000	42000	5400	CUSTOMER
172	107	105	24000	48000	5400	CUSTOMER
173	96	74	18000	42000	5400	CUSTOMER
174	63	57	6000	30000	5400	CUSTOMER
175	122	113	18000	42000	5400	CUSTOMER
176	14	131	42000	66000	5400	CUSTOMER
177	30	31	54000	78000	5400	CUSTOMER
178	40	132	6000	30000	5400	CUSTOMER
179	99	26	18000	42000	5400	CUSTOMER
180	10	118	6000	30000	5400	CUSTOMER
181	102	60	48000	72000	5400	CUSTOMER
182	120	136	24000	48000	5400	CUSTOMER
183	97	29	0	24000	5400	CUSTOMER
184	19	39	42000	66000	5400	CUSTOMER
185	27	77	18000	42000	5400	CUSTOMER
186	30	24	36000	60000	5400	CUSTOMER
187	126	112	30000	54000	5400	CUSTOMER
188	105	110	30000	54000	5400	CUSTOMER
189	118	114	6000	30000	5400	CUSTOMER
190	135	6	6000	30000	5400	CUSTOMER
191	111	66	30000	54000	5400	CUSTOMER
192	95	77	12000	36000	5400	CUSTOMER
193	139	10	42000	66000	5400	CUSTOMER
194	61	54	12000	36000	5400	CUSTOMER
195	16	38	24000	48000	5400	CUSTOMER
196	16	138	6000	30000	5400	CUSTOMER
197	91	78	6000	30000	5400	CUSTOMER
198	91	71	48000	72000	5400	CUSTOMER
199	0	27	12000	36000	5400	CUSTOMER
200	6	113	42000	66000	5400	CUSTOMER
201	119	139	12000	36000	5400	CUSTOMER
202	35	99	54000	78000	5400	CUSTOMER
203	31	112	24000	48000	5400	CUSTOMER
204	5	119	24000	48000	5400	CUSTOMER
205	3	135	24000	48000	5400	CUSTOMER
206	30	136	42000	66000	5400	CUSTOMER
207	20	39	48000	72000	5400	CUSTOMER
208	131	11	54000	78000	5400	CUSTOMER
209	28	33	6000	30000	5400	CUSTOMER
210	4	23	24000	48000	5400	CUSTOMER
211	87	108	18000	42000	5400	CUSTOMER
212	21	26	18000	42000	5400	CUSTOMER
213	121	134	30000	54000	5400	CUSTOMER
214	119	130	42000	66000	5400	CUSTOMER
215	91	108	18000	42000	5400	CUSTOMER
216	130	27	12000	36000	5400	CUSTOMER
217	101	107	60000	84000	5400	CUSTOMER
218	34	108	30000	54000	5400	CUSTOMER
219	131	31	36000	60000	5400	CUSTOMER


//Distance matrix
0 3029 1878 1878 3029 4200 3463 3463 4200 5940 5940 5635 5110 5110 5635 7177 6772 6772 7177 8400 2037 3701 4065 2531 3036 5527 2341 3917 1994 3007 5549 6075 3966 6377 6452 4458 3483 3275 5539 6180 7494 4929 7897 5880 6722 6451 5588 5772 7954 5332 6780 8562 2203 3146 1616 2227 2890 4676 3719 6603 6540 7646 3891 4769 5343 2980 6452 6258 2695 7685 9073 7970 2163 3309 2616 3811 1825 2980 6363 2161 5640 4650 3975 5643 9043 6342 3638 5066 8374 6547 1879 2412 5541 5711 8165 4863 6604 3789 8026 6780 2885 2523 1914 2761 6720 9124 7839 4108 6652 3569 6329 7892 2419 9150 3062 6018 5950 3887 2110 5641 2131 4881 8026 2979 6574 3113 3878 2330 5281 6434 4161 7798 4120 4194 9177 5941 2732 2005 1697 5506 2285 5437 7438 8387 2724 1747 3722 3168 5682 5998 4706 2820 6141 7612 2784 8706 2845 3013 5372 4562 8523 4267 2093 1965 8184 4958 6336 8007 5662 4694 4302 6547 6755 5765 3860 7761 3755 2952 4427 6500 2942 6149 8217 6319 2182 1674 3295 7969 6742 7556 8964 6664 5715 9084 3784 2147 4191 5481 5460 2580 2605 8253 2727 3132 2955 3904 4350 2214 8620 2784 2830 5696 2925 8213 7996 5917 8216 6454 3059 8201 
3029 0 1680 3360 5040 1680 2376 3757 5313 3029 7177 3360 3757 4752 6057 5040 5313 6057 7128 7177 3015 2352 6629 1440 216 3522 5123 6554 3069 268 3513 4042 2480 6369 6599 6438 2547 5884 5796 5129 7862 6780 8228 4898 5557 6365 4813 5885 7637 5426 5662 6166 849 134 3125 853 4686 6483 2717 6534 5502 7439 2315 5076 4548 457 4260 5986 5284 7519 6672 8207 3260 5995 4622 5715 1271 5237 6418 1660 4694 4778 6005 4793 6593 4140 2506 5184 6363 4514 3062 1445 3601 5747 8474 4873 5423 2721 7790 5715 4574 1560 1116 1638 5662 6636 7544 6708 6712 2297 4204 8174 4260 6710 60 6085 6100 6451 3081 4759 2910 5142 5940 5590 6627 339 2930 700 4464 5184 6187 7609 2846 6036 6694 3929 5370 1048 2760 5641 764 3394 7225 6245 1332 3000 6432 509 3624 6039 4926 5598 5899 7512 4740 6373 4460 4645 3424 6610 6480 6307 977 2950 8367 5226 4082 5940 5518 6534 6258 6492 6619 4926 2727 7604 6237 216 6281 4262 5507 4837 8512 4140 853 2941 268 7744 6749 7469 6554 5477 4980 6747 2521 937 6639 4826 4577 1681 5268 8612 4281 5043 5632 6593 6481 816 6264 300 1471 5964 437 8461 8202 6110 6120 6454 4813 6183 
1878 1680 0 1680 3360 2376 1680 2376 3757 4200 5635 3757 3360 3757 4752 5313 5040 5313 6057 6772 1354 1875 4979 2213 1809 3662 3569 4920 1401 1816 3681 4213 2131 5260 5426 4764 1749 4253 4549 4567 6623 5120 7011 4283 5083 5292 4063 4705 6710 4236 5159 6684 1235 1744 1451 1317 3010 4825 1988 5458 4943 6452 2037 3778 3799 1907 4579 4994 3662 6514 7195 7029 1601 4383 2942 4042 638 3565 5280 2090 4048 3542 4327 4089 7164 4468 1860 3973 6534 4690 1385 2123 3684 4597 7270 3697 4956 2044 6824 5179 2902 2293 1022 2512 5120 7246 6604 5064 5580 1749 4460 6977 2580 7272 1681 4932 4910 4803 1426 4075 1271 3867 6173 3966 5496 1935 2181 1138 3726 4759 4510 6617 2341 4370 7299 4080 3758 834 1080 4442 1261 3568 6237 6529 2281 1320 4819 2072 3814 4897 3658 4027 4890 6475 3060 6831 2792 2979 3511 4933 6679 4630 1249 1283 7215 3951 4459 6157 4446 4873 4585 5408 5578 4221 2101 6596 4578 1505 4616 4625 3874 4446 7315 4446 1154 1261 1924 6772 5643 6424 7086 5016 4213 7209 1984 1298 4972 4004 3886 2419 3666 7390 2614 3365 4024 4972 4801 1127 6744 1380 2448 4719 1848 7283 7037 4901 6363 5343 3141 6359 
1878 3360 1680 0 1680 3757 2376 1680 2376 5635 4200 4752 3757 3360 3757 6057 5313 5040 5313 6772 469 2673 3358 3656 3485 4479 2208 3333 384 3488 4517 4980 2928 4517 4579 3097 2297 2683 3666 4589 5619 3478 6021 4283 5142 4599 3937 3909 6112 3478 5179 7548 2824 3422 300 2896 1342 3190 2484 4747 4922 5794 2930 2903 3719 3565 5426 4439 2131 5827 8042 6092 379 2850 1266 2377 2200 1907 4497 3409 4048 2812 2651 4015 8052 5332 2506 3216 7111 5408 323 3546 4452 3857 6289 3038 5037 2568 6173 5159 1253 3704 2547 3948 5100 8162 5995 3455 4783 2547 5268 6014 900 8148 3361 4156 4080 3188 469 4025 638 3017 6824 2419 4706 3608 2563 2783 3671 4905 2836 5942 2916 2721 8209 4848 2247 2436 600 3644 2871 4425 5589 7204 3778 360 3275 3737 4648 4138 2852 2597 4320 5749 1380 7639 1159 1348 4310 3260 7272 2955 2794 484 6306 3093 5363 6795 3837 3231 2920 4690 4905 4124 2652 5902 2942 3182 2969 5501 2308 4668 6341 5294 2753 424 3602 6115 4876 5692 7945 5096 4042 8004 2676 2852 3319 3797 3860 3810 2184 6380 993 1690 2513 3408 3122 2742 7575 3060 3933 3822 3505 6335 6118 4045 7011 4592 1484 6950 
3029 5040 3360 1680 0 5313 3757 2376 1680 7177 3029 6057 4752 3757 3360 7128 6057 5313 5040 7177 2062 4052 1848 5242 5163 5689 1630 1910 1994 5166 5736 6124 4272 4335 4260 1461 3625 1399 3439 5187 4992 1906 5384 4898 5718 4466 4488 3751 5945 3449 5715 8655 4480 5101 1928 4548 433 1648 3746 4574 5447 5581 4320 2868 4344 5237 6599 4484 1146 5580 9123 5519 1836 1638 437 782 3863 457 4267 4952 4694 2986 990 4600 9164 6522 3840 3247 8004 6492 1984 5126 5632 3778 5647 3231 5641 3829 5940 5662 600 5276 4192 5523 5608 9294 5825 1968 4500 3945 6423 5415 780 9249 5040 3982 3852 1706 2012 4631 2200 2984 7790 1271 4442 5285 3746 4455 4327 5578 1179 5700 4144 1165 9335 6000 1273 4102 2280 3531 4532 5664 5405 8174 5384 2040 1968 5412 5857 3989 2922 1707 4367 5461 300 8700 732 638 5520 1601 8173 1295 4439 2114 5754 3027 6578 7751 3915 1667 1292 4514 4759 4674 3912 5640 1416 4861 1399 6691 1138 5427 5705 6476 4413 2101 5281 5880 4622 5401 9037 5694 4535 9045 4004 4498 1718 4295 4510 5370 1321 5695 886 180 1442 2038 1445 4406 8655 4740 5531 3548 5177 5734 5566 3788 7966 4390 433 7862 
4200 1680 2376 3757 5313 0 1680 3360 5040 1878 6772 1680 2376 3757 5313 3360 3757 4752 6057 5635 3302 1451 7099 3120 1864 1879 5874 7086 3382 1924 1863 2377 1385 5373 5662 6531 1861 6440 4993 3742 6950 6765 7279 3564 4095 5330 3589 4996 6418 4579 4213 4526 2358 1561 3632 2401 4897 6467 1884 5495 4095 6278 1237 4395 3348 2108 2580 4892 5880 6373 5036 7213 3499 6604 4958 5838 2419 5627 5449 3320 3398 4047 6170 3534 4972 2460 1690 4383 4683 2843 3435 3122 1974 4832 7502 4061 3962 1836 6599 4284 4747 3240 2507 3309 4236 5029 6339 7201 5723 1501 2526 7204 4579 5086 1620 5152 5209 6933 3333 3488 3144 4426 4260 6173 5641 1935 2037 2126 3264 3711 6332 6447 1749 6086 5086 2271 5991 2309 3231 4791 2285 1747 6073 4566 3005 3438 7031 2072 1965 5098 4221 6309 4827 6396 5029 4719 4615 4773 1805 6731 4800 6449 2489 3274 7340 4500 2403 4260 4535 6534 6354 5464 5541 3658 1790 6457 6674 1570 6313 2583 6064 3362 7532 2461 2316 3416 1578 6561 5731 6361 4920 4011 3758 5096 1589 2474 7023 3662 3327 3361 5917 7658 4442 5258 6259 7164 6665 2259 4614 1707 3134 5148 2103 7461 7193 5239 4440 5455 4978 4504 
3463 2376 1680 2376 3757 1680 0 1680 3360 3463 5110 2376 1680 2376 3757 3757 3360 3757 4752 5110 1910 300 5589 3544 2588 2131 4583 5610 1994 2632 2163 2658 553 3996 4236 4890 190 4994 3468 2926 5510 5100 5868 2656 3424 3989 2496 3529 5280 3079 3508 5209 2523 2337 2352 2603 3328 4804 350 4159 3305 5070 566 2797 2227 2805 3079 3612 4479 5148 5711 5839 2044 5184 3447 4213 2154 4116 4049 3554 2430 2469 4554 2498 5708 2979 180 2850 4915 3114 2083 3488 2121 3384 6110 2531 3295 379 5426 3536 3168 3650 2467 3818 3478 5810 5184 5701 4341 190 2933 5810 3079 5808 2334 3720 3746 5433 1910 2474 1740 2845 4579 4752 4256 2715 566 2308 2147 3089 4707 5239 663 4439 5859 2524 4602 2220 1997 3295 2496 2065 4855 4948 3530 2137 5594 2885 2297 3673 2632 4968 3524 5138 3491 5321 3034 3175 1965 5094 5066 4822 2608 1913 5994 2925 3000 4558 3144 4873 4715 4117 4243 2632 424 5232 5158 2164 4660 3146 4632 2770 6147 2946 2443 2148 2474 5379 4375 5094 5610 3354 2658 5694 323 2632 5474 2480 2285 3784 4549 6252 2871 3680 4863 5708 5047 2389 5248 2174 3695 3632 2766 6092 5831 3761 4769 4081 3388 4743 
3463 3757 2376 1680 2376 3360 1680 0 1680 5110 3463 3757 2376 1680 2376 4752 3757 3360 3757 5110 1426 1928 4211 4585 3946 3346 3625 4285 1471 3975 3396 3758 2083 2952 3079 3287 1501 3749 2184 2960 4250 3449 4640 2656 3511 3010 2285 2367 4497 1906 3536 6280 3580 3759 1875 3664 1953 3158 1530 3168 3274 4200 2181 1406 2087 4116 4236 2794 3346 4246 6747 4668 1325 3973 2197 2658 3013 2805 2955 4460 2430 1207 3007 2374 6789 4164 1690 1638 5658 4117 1589 4498 3279 2281 4901 1405 3415 1601 4579 3508 1784 4668 3395 4884 3449 6919 4383 4335 3252 1861 4057 4610 1906 6873 3730 2605 2563 4076 1354 2391 1348 1500 5426 3564 3170 4080 1461 3432 2051 3309 3140 4357 1861 2830 6960 3636 3479 3189 1784 2099 3589 3334 3989 5810 4640 1718 4335 4243 3511 2577 1298 3900 2679 4187 2174 6325 1660 1740 3180 3499 5825 3248 3612 1500 4861 1584 4227 5389 2201 3231 3120 3114 3309 2474 1674 4325 3782 3542 3036 4332 3432 3113 4948 4116 3495 1790 3923 4524 3328 4133 6661 3472 2377 6672 1825 3658 4032 2131 2240 4794 3468 5018 1548 2252 3711 4413 3488 3458 6280 3491 4809 2352 4065 4920 4680 2546 5604 3032 1953 5510 
4200 5313 3757 2376 1680 5040 3360 1680 0 6772 1878 5313 3757 2376 1680 6057 4752 3757 3360 5635 2463 3604 3141 5928 5485 4847 3305 3302 2448 5506 4902 5179 3744 2664 2580 1829 3181 2969 1777 3822 3378 1852 3778 3564 4310 2801 3140 2096 4267 1852 4284 7575 4991 5333 2673 5072 1484 1585 3194 2902 4020 3902 3852 1332 3065 5627 5662 2866 2823 3900 8004 3891 2232 3216 1848 1422 4377 2108 2591 5726 3398 1570 1731 3267 8077 5608 3365 1698 6747 5464 2521 5826 4759 2144 4045 1784 4256 3260 4260 4213 1405 5992 4756 6226 4164 8224 4147 3275 2821 3541 5474 3795 1852 8148 5294 2318 2181 3059 2380 3310 2501 1431 6599 2910 2763 5618 3097 4886 3073 4243 1790 4020 3483 1401 8258 5072 2946 4589 2832 1897 5018 4860 3728 6977 6021 2643 3455 5772 5003 2330 1445 3373 2753 3782 1707 7573 1396 1271 4691 2044 6917 1869 4994 2546 4121 1451 5691 6553 2335 1667 1697 2843 3089 3310 3327 3960 2766 5104 1537 5769 2783 4166 4101 5554 4910 2727 5506 4200 2942 3722 7932 4302 3144 7890 3493 5047 2862 2928 3234 6107 3001 4113 1482 1500 3089 3467 2123 4884 7548 5029 6185 1875 5571 4117 3931 2114 6762 2717 1342 6623 
5940 3029 4200 5635 7177 1878 3463 5110 6772 0 8400 1878 3463 5110 6772 3029 4200 5635 7177 5940 5180 3189 8974 4302 3118 2419 7740 8964 5260 3170 2364 2581 3029 6610 6942 8353 3625 8318 6423 4589 8201 8555 8481 4524 4745 6529 4707 6354 7327 5999 4878 3581 3864 2896 5507 3878 6756 8260 3581 6679 4860 7275 2930 5945 4526 3301 2419 6053 7758 7384 4036 8371 5373 8481 6831 7673 4116 7500 6710 4615 4440 5585 8011 4611 3904 2334 3424 5851 4267 2843 5313 4350 2553 6178 8673 5541 4631 3513 7540 4980 6603 4412 4095 4383 4950 3900 7272 9077 6948 3274 2506 8387 6452 4024 2979 6462 6554 8809 5209 4554 5020 5951 3810 8051 6874 3113 3678 3673 4453 4384 8167 7434 3305 7902 3960 2563 7868 3951 5105 6195 3780 2318 7091 3989 4123 5315 8909 3168 2361 6404 5765 8180 6017 7445 6897 3848 6470 6622 2486 8557 4325 8283 3997 5152 8457 6015 2206 3837 5838 8331 8179 6661 6680 4706 3446 7463 8548 3036 8122 2337 7943 4080 8694 2377 3852 5292 2799 7513 6926 7422 3917 4662 4857 4183 3285 3962 8891 4847 4442 4502 7792 8843 6300 7116 8136 9043 8506 3805 3719 3205 4194 6560 3328 8603 8336 6601 3948 6684 6831 4106 
5940 7177 5635 4200 3029 6772 5110 3463 1878 8400 0 6772 5110 3463 1878 7177 5635 4200 3029 5940 4332 5321 3604 7800 7354 6254 4539 3852 4312 7376 6313 6476 5416 2721 2419 2062 4922 3842 2230 4698 2401 1620 2724 4524 5053 2890 4137 2471 3922 2599 4980 8620 6869 7192 4500 6950 3059 1648 4890 2885 4756 3550 5546 2472 4179 7500 6942 3229 3979 3491 8989 2930 4096 4061 3373 2335 6254 3301 2591 7589 4440 2830 2391 4270 9098 6913 5083 2649 7584 6661 4377 7697 6145 2630 2950 2920 5047 4943 3810 4878 3055 7862 6632 8098 4847 9261 3818 3722 2636 5278 6752 2801 3522 9150 7156 2546 2380 3618 4250 4327 4377 2486 7540 3928 2632 7487 4754 6764 4221 5126 2285 3596 5103 1994 9287 6391 4067 6467 4694 2474 6896 6296 3461 7892 7897 4493 4108 7643 6392 2596 2651 4421 3162 3328 3205 8560 3100 2928 6118 2163 7748 2259 6872 4414 3166 2436 7016 7487 2980 1697 2096 2843 3056 4256 4998 3516 3403 6966 1863 7058 3834 5170 3010 6854 6789 4577 7362 3757 2766 3275 8936 5076 4067 8831 5188 6925 3242 3928 4327 7975 4168 2941 3234 2881 4098 4031 2412 6762 8562 6897 8060 2174 7445 3081 3001 2297 7676 2717 2890 7494 
5635 3360 3757 4752 6057 1680 2376 3757 5313 1878 6772 0 1680 3360 5040 1680 2376 3757 5313 4200 4285 2079 7905 4800 3542 553 6958 7945 4370 3602 495 782 1825 4777 5120 7036 2467 7347 4680 2711 6359 7156 6626 2656 2881 4686 2871 4574 5449 4260 3013 2931 4005 3241 4719 4056 5625 6875 2316 4831 2984 5398 1829 4302 2717 3784 900 4206 6847 5507 3443 6508 4416 7544 5784 6414 3966 6445 4884 4993 2590 3946 6763 2766 3408 780 2252 4147 3005 1195 4457 4801 684 4395 6812 3857 2763 2232 5662 3112 5458 4920 4120 4986 3079 3491 5394 8022 5109 2208 859 6529 5426 3516 3300 4659 4764 7756 4285 2707 4116 4287 2580 7114 5037 3608 2315 3768 2651 2513 6896 5557 1914 6580 3544 722 6971 3900 4348 4442 3937 480 5216 2890 4683 4504 7946 3737 484 4599 4124 7343 4178 5571 5810 3093 5325 5444 660 7250 3121 7004 4133 4287 6587 4340 730 2581 4042 6953 6873 4817 4822 2852 2148 5586 7472 3245 6775 908 6991 2203 6831 782 3955 4510 3249 5635 5079 5549 3333 2797 3013 3472 2083 4124 7759 3029 2614 5040 6922 6983 5176 5959 7230 8052 7245 3896 2999 3373 4809 4803 3782 6736 6470 4818 2761 4849 5660 2826 
5110 3757 3360 3757 4752 2376 1680 2376 3757 3463 5110 1680 0 1680 3360 2376 1680 2376 3757 3463 3333 1519 6583 5086 3971 1146 5909 6661 3412 4025 1206 1422 1310 3150 3478 5546 1630 6119 3001 1381 4743 5608 5036 1188 1805 3076 1261 2902 4049 2580 1907 3904 4105 3678 3822 4179 4328 5340 1392 3231 1749 3928 1461 2649 1063 4213 1906 2608 5689 4027 4372 4941 3381 6339 4556 4980 3810 5179 3247 5152 1032 2300 5329 1183 4413 1852 1500 2472 3354 1744 3522 5047 1036 2724 5239 2190 1671 1325 4236 1959 4159 5199 4095 5337 1906 4545 3973 6708 3491 1630 1719 4948 4236 4497 3703 3001 3097 6451 3302 1132 3175 2624 3079 5923 3415 4080 1237 3874 990 1442 5442 4095 1022 5094 4585 1316 5820 3848 3529 2763 4063 1200 3728 3461 5036 3610 6708 4243 1283 2942 2474 6229 2563 4065 4545 3951 4033 4116 1020 5762 3516 5541 4206 3365 5045 2673 1939 3046 2377 5421 5393 3209 3248 1298 1261 4110 6155 3570 5269 2012 5792 1106 5264 1798 4031 3645 3766 4200 3476 4034 4285 1728 1422 4302 1385 4221 6392 1385 993 5332 5796 5405 3912 4626 6063 6789 5791 3973 3904 3632 5192 3125 4187 5180 4912 3148 3263 3226 4328 3194 
5110 4752 3757 3360 3757 3757 2376 1680 2376 5110 3463 3360 1680 0 1680 3757 2376 1680 2376 3463 3081 2436 5461 5859 4964 2823 5201 5592 3134 5007 2882 3013 2398 1632 1906 4202 2208 5153 1321 1452 3194 4164 3530 1188 1965 1614 764 1253 2955 900 1959 5248 4827 4711 3548 4910 3388 3926 2038 1784 1691 2713 2563 1082 725 5179 3478 1249 4847 2784 5658 3481 3002 5394 3701 3758 4354 4213 1698 5814 1032 807 4087 892 5743 3449 2252 816 4372 3209 3254 5791 2706 1082 3761 600 1897 2044 3079 1907 3231 5958 4713 6145 1852 5896 2850 5594 1981 2467 3289 3461 3478 5808 4710 1396 1461 5359 3015 937 2979 1020 4236 5020 1897 5091 1829 4632 759 1869 4161 2881 2017 3776 5928 2930 4980 4478 3413 1087 4813 2880 2497 4610 5868 3379 5701 5261 2950 1342 937 5415 1153 2766 3632 5226 3132 3144 2700 4416 4541 4243 4892 3148 3626 1048 3554 4189 782 4011 4073 1744 1869 937 2052 2868 5059 4540 3907 3594 4886 1800 3795 3391 4743 3446 4843 3029 2005 2721 5592 1947 782 5532 2268 4926 5210 553 886 6091 4993 3912 3075 3596 5184 5743 4498 4694 5209 4545 6036 1451 5138 3732 3468 1500 4395 1716 3328 4250 
5635 6057 4752 3757 3360 5313 3757 2376 1680 6772 1878 5040 3360 1680 0 5313 3757 2376 1680 4200 3678 3900 4687 6960 6258 4502 4983 4879 3695 6292 4562 4667 3928 1025 900 3194 3569 4616 365 2821 1884 2979 2281 2656 3180 1182 2285 600 2591 780 3112 6744 5949 6042 4027 6034 3141 2821 3467 1253 2881 2223 4080 984 2359 6445 5120 1401 4502 2220 7111 2337 3499 4863 3505 3013 5388 3784 931 6834 2590 1288 3264 2416 7220 5100 3680 931 5711 4817 3797 6874 4384 752 2546 1253 3170 3499 2580 3013 3038 7043 5771 7258 2979 7384 2472 4819 1142 3893 4932 2264 3449 7272 6024 732 566 4632 3594 2474 3648 916 5662 4579 1087 6390 3287 5792 2412 3248 3265 2340 3569 2866 7409 4592 4624 5562 4061 612 5955 4560 2054 6014 7011 3931 5064 6557 4626 768 1132 5049 1316 2103 3373 6682 3001 2910 4380 3381 5877 3309 5986 3761 2549 834 5210 5609 1103 2902 3120 1195 1442 2391 3532 2281 4352 5841 2900 5238 4455 3302 2596 5041 5865 4013 6195 2520 1266 2044 7058 3200 2201 6953 3744 6030 4368 2083 2496 7170 4680 2652 3042 3180 4759 5052 3546 5825 6684 5810 7180 300 6396 2583 2361 484 5799 1063 3010 5619 
7177 5040 5313 6057 7128 3360 3757 4752 6057 3029 7177 1680 2376 3757 5313 0 1680 3360 5040 3029 5610 3491 8957 6480 5221 1651 8245 9037 5692 5281 1632 1103 3223 4735 5100 7875 3788 8492 4952 2519 6183 7893 6363 2656 2340 4599 3042 4747 4884 4579 2461 1530 5672 4920 6081 5726 6704 7639 3581 4705 2586 4950 3287 4832 3032 5463 780 4133 8051 5069 1998 6190 5692 8710 6926 7337 5590 7554 4863 6670 2742 4518 7684 2908 2038 900 3596 4564 1332 649 5794 6481 1639 4575 6494 4348 2283 3499 5120 2581 6534 6600 5771 6664 2580 2174 4863 9083 5009 3625 859 6245 6599 2121 4980 4745 4890 8826 5592 2852 5444 4776 900 8292 4956 5285 3495 5433 3007 2121 7788 5083 3149 7429 2213 1237 8182 5544 5746 4706 5606 1747 4813 1224 6363 5865 9083 5412 1500 4686 4674 8583 4154 5177 6919 1584 6408 6491 1805 8091 1441 7884 5798 5629 6209 4803 967 902 4213 7722 7729 4711 4630 2922 3416 5135 8530 4923 7589 789 8162 2012 6498 902 5619 5887 4926 5110 4938 5173 1910 2281 3112 1947 3435 5791 8760 3254 2871 6720 8152 6673 6284 7002 8428 9164 8136 5559 1530 5049 6487 5029 5461 6383 6134 4963 1082 4786 6704 1154 
6772 5313 5040 5313 6057 3757 3360 3757 4752 4200 5635 2376 1680 2376 3757 1680 0 1680 3360 1878 4920 3189 7815 6694 5522 1932 7380 7932 4994 5578 1968 1621 2962 3085 3449 6577 3305 7455 3409 949 4504 6522 4683 1188 660 2942 1612 3168 3247 3079 782 2999 5742 5219 5415 5813 5660 6293 3065 3038 918 3285 3097 3443 1716 5768 1852 2489 7092 3403 3354 4514 4933 7690 5939 6124 5481 6507 3216 6790 1368 3182 6458 1486 3467 1906 3180 3121 1998 1426 5110 6665 1814 3005 4818 2971 612 3002 3478 902 5495 6810 5753 6931 900 3632 3216 7946 3344 3305 1719 4566 5662 3516 5256 3132 3287 7704 4879 1445 4773 3365 1906 7296 3295 5618 2896 5507 1731 516 6536 3424 2701 6152 3656 1655 7226 5507 5154 3170 5695 2065 3141 2264 6626 5210 8022 5772 1913 3076 3310 7652 2524 3505 5896 2925 5382 5426 1965 6790 2167 6619 5850 4963 4540 3373 2040 1853 2658 6378 6449 3048 2955 1445 2941 3472 7404 5144 6281 1962 7162 646 4824 1853 5672 5253 5281 3463 3267 3499 3302 603 1621 3200 3062 5860 7575 1825 1548 6942 7221 4998 5292 5908 7450 8077 6874 5613 2931 5226 6776 3462 5749 4711 4460 3365 2048 3130 5625 1884 
6772 6057 5313 5040 5313 4752 3757 3360 3757 5635 4200 3757 2376 1680 2376 3360 1680 0 1680 1878 4754 3715 6897 7299 6274 3223 6827 7058 4809 6324 3275 3112 3578 1504 1852 5492 3625 6686 2090 1050 2826 5332 3005 1188 1020 1342 1261 1784 1698 1906 902 4614 6279 5992 5226 6359 4978 5148 3408 1405 800 1651 3746 2451 1530 6507 3449 977 6437 1765 4915 2843 4682 6931 5312 5179 5872 5768 1638 7304 1368 2343 5478 1266 5052 3478 3596 2072 3443 3048 4929 7245 3089 1668 3148 2096 1087 3381 1906 782 4831 7406 6208 7571 780 5226 1638 7031 1708 3788 3289 2890 5120 5086 6007 1660 1829 6816 4690 1298 4645 2340 3478 6584 1671 6390 3194 6064 1610 1295 5515 1805 3212 5114 5242 3097 6569 5964 5076 1897 6252 3334 1484 3795 7279 5053 7201 6557 3274 1614 2391 7006 1062 1848 5226 4500 4745 4731 3180 5692 3600 5578 6361 4818 2883 2309 3610 3421 1422 5232 5393 1426 1295 1132 3357 1841 6521 5858 5192 3566 6451 1560 3157 3421 6199 5117 6096 1878 1616 1836 4879 1082 1103 4726 3550 6387 6609 1310 1482 7540 6594 3327 4707 5142 6755 7220 5826 6145 4526 5896 7442 2079 6475 3048 2792 1913 3586 1530 4897 3378 
7177 7128 6057 5313 5040 6057 4752 3757 3360 7177 3029 5313 3757 2376 1680 5040 3360 1680 0 3029 5160 4803 6301 8209 7340 4763 6662 6508 5192 7383 4819 4731 4742 805 780 4764 4583 6281 1660 2636 1154 4468 1332 2656 2700 768 2496 1405 931 1852 2581 6264 7178 7086 5562 7262 4813 4364 4413 600 2467 553 4910 2410 2717 7554 5100 1165 6181 540 6534 1195 5014 6527 5177 4667 6675 5463 816 8140 2742 2549 4895 2577 6684 5120 4626 2120 5036 4711 5303 8136 4630 1476 1500 2367 2763 4416 900 2461 4705 8304 7045 8499 2460 6860 816 6432 543 4840 4932 1224 5100 6710 7085 1159 1237 6261 5082 2632 5100 2297 5120 6254 612 7467 4202 6991 2799 2955 4875 660 4357 4484 6873 4700 6303 6816 5532 1671 7168 4860 433 5415 8228 5437 6708 7637 4839 1182 2474 6727 1237 437 5049 6131 4659 4579 4691 4933 5184 4905 7236 5239 1288 2220 5249 5061 1621 4440 4715 649 516 2474 4420 603 5989 6916 4484 5219 6131 3177 1518 5061 7094 5515 7217 840 437 379 6508 2761 2335 6331 4634 7273 5968 2398 2764 8436 6360 1674 4685 4860 6434 6684 5126 7047 6166 6919 8397 1519 7512 1426 1159 1283 5213 725 4686 4992 
8400 7177 6772 6772 7177 5635 5110 5110 5635 5940 5940 4200 3463 3463 4200 3029 1878 1878 3029 0 6438 4979 8775 8540 7388 3797 8662 8936 6502 7444 3829 3421 4773 3229 3522 7359 5024 8557 3944 2221 4106 7177 4123 2520 1690 3059 2836 3628 2410 3784 1621 3719 7568 7086 6926 7641 6831 7006 4786 3055 1861 2657 4920 4325 3065 7633 3522 2812 8292 2766 3844 3891 6401 8802 7155 7057 7261 7633 3354 8615 2760 4194 7355 2766 4031 3606 4932 3948 2368 3097 6622 8506 3684 3530 4156 3947 1816 4735 2638 1621 6679 8655 7556 8785 1681 4211 2451 8909 3314 5083 3439 3989 6942 4024 7121 3468 3636 8694 6383 2763 6310 4216 2638 8448 3310 7487 4592 7336 3122 2024 7390 2719 4472 6988 4207 3481 8424 7308 6724 3766 7525 3931 2635 2801 8481 6737 9077 7643 3761 3432 4256 8861 2913 2925 7077 3505 6586 6584 3840 7556 2472 7450 7669 6494 3816 4187 3734 2581 3301 7089 7265 3097 2886 2651 4685 2797 8399 7003 7060 3608 8315 2358 4138 3565 7494 6793 7154 2656 3189 2952 3852 1756 2732 3600 4836 7684 8485 2979 2941 8787 8444 4327 6536 7009 8617 9098 7697 7436 3581 7077 8634 3913 7612 4006 3814 3720 2649 3226 6756 2401 
2037 3015 1354 469 2062 3302 1910 1426 2463 5180 4332 4285 3333 3081 3678 5610 4920 4754 5160 6438 0 2206 3799 3468 3157 4020 2673 3784 85 3166 4057 4527 2462 4357 4455 3425 1837 3141 3544 4235 5559 3768 5958 3929 4786 4424 3604 3759 5920 3309 4830 7093 2563 3065 495 2641 1681 3472 2030 4579 4579 5618 2462 2764 3373 3260 4968 4221 2596 5660 7589 6010 247 3314 1674 2703 1939 2334 4350 3264 3691 2619 3001 3672 7596 4873 2044 3042 6684 4961 190 3365 3997 3688 6224 2828 4676 2114 5998 4818 1561 3530 2309 3766 4759 7704 5806 3900 4643 2079 4813 5941 1295 7693 3010 4002 3945 3632 85 3678 170 2871 6388 2881 4564 3285 2121 2489 3320 4530 3180 5772 2463 3022 7752 4394 2713 2163 384 3491 2599 3964 5408 6766 3569 300 3736 3424 4189 3979 2687 3065 4105 5594 1766 7189 1445 1630 3852 3600 6844 3300 2553 85 6215 2952 4901 6360 3626 3522 3245 4524 4726 3788 2197 5738 3378 2826 3267 5041 2768 4279 6274 4836 2486 365 3245 5941 4727 5539 7491 4735 3720 7556 2213 2608 3742 3480 3505 3645 2652 6326 1266 2044 2979 3865 3485 2467 7123 2717 3731 3706 3202 6258 6030 3918 6575 4436 1801 6521 
3701 2352 1875 2673 4052 1451 300 1928 3604 3189 5321 2079 1519 2436 3900 3491 3189 3715 4803 4979 2206 0 5887 3600 2568 1853 4879 5909 2291 2616 1883 2389 268 4068 4327 5168 437 5294 3596 2830 5610 5367 5958 2577 3305 4049 2463 3632 5285 3194 3397 4929 2599 2297 2643 2676 3622 5072 437 4218 3209 5094 268 2960 2197 2797 2799 3650 4779 5177 5433 5916 2343 5484 3746 4497 2293 4414 4129 3644 2361 2619 4839 2449 5426 2697 240 2980 4673 2852 2377 3554 1852 3479 6194 2657 3173 402 5441 3435 3462 3711 2577 3864 3378 5525 5193 5999 4416 134 2658 5894 3378 5527 2305 3811 3848 5731 2208 2419 2036 2999 4327 5052 4332 2689 618 2374 2114 2955 4990 5264 513 4715 5575 2255 4901 2330 2281 3409 2563 1781 4881 4691 3569 2428 5894 2858 2017 3761 2789 5267 3568 5177 3788 5047 3328 3467 1691 5374 4822 5104 2695 2208 6063 3076 2713 4307 3216 5142 4994 4179 4290 2583 384 5262 5455 2148 4934 2862 4932 2624 6229 2665 2524 2436 2419 5396 4442 5135 5330 3231 2630 5421 170 2713 5769 2474 2233 3845 4849 6341 3166 3973 5163 6007 5332 2467 4971 2182 3731 3757 2763 6168 5904 3870 4516 4152 3680 4500 
4065 6629 4979 3358 1848 7099 5589 4211 3141 8974 3604 7905 6583 5461 4687 8957 7815 6897 6301 8775 3799 5887 0 6550 6721 7536 1765 268 3722 6713 7584 7966 6112 5711 5547 1565 5464 789 4869 6913 5951 1988 6303 6636 7423 5864 6216 5192 7232 4991 7405 10486 5959 6708 3536 6015 2281 1984 5592 5939 7139 6854 6155 4466 6100 6752 8443 5989 1381 6827 10947 6490 3600 805 2147 1719 5381 1476 5616 6204 6447 4660 1426 6336 10995 8368 5680 4837 9788 8326 3681 6430 7478 5264 6540 4892 7359 5675 7178 7340 2448 6558 5656 6801 7289 11127 7116 134 5794 5775 8266 6367 2523 11077 6639 5393 5239 180 3766 6373 3955 4569 9594 1087 5753 6832 5594 5983 6092 7320 1426 6944 5992 1822 11168 7844 1332 5619 3931 5020 6024 7512 6710 9978 6724 3701 566 6937 7704 5415 4560 1342 5879 6684 2099 10522 2581 2474 7368 1441 9957 1401 5891 3834 6730 4592 8425 9554 5474 1921 1589 5882 6129 6396 5758 6873 433 6472 1825 8536 1140 7198 6600 8321 5905 3742 6885 7120 5926 6625 10864 7408 6243 10861 5845 5951 365 6013 6269 6627 1460 6541 2729 1959 1121 437 1201 5911 10481 6333 6849 4937 6693 6662 6553 5162 9767 5749 2259 9652 
2531 1440 2213 3656 5242 3120 3544 4585 5928 4302 7800 4800 5086 5859 6960 6480 6694 7299 8209 8540 3468 3600 6550 0 1266 4950 4863 6421 3491 1206 4943 5476 3778 7422 7609 6701 3684 5765 6747 6429 8825 7116 9209 6177 6890 7441 6039 6886 8804 6418 6987 7586 1032 1561 3365 949 4972 6833 3893 7609 6808 8572 3624 5982 5771 1036 5700 7108 5169 8642 8088 9218 3706 5820 4805 5996 1575 5319 7452 402 5959 5731 6231 6037 8002 5580 3703 6159 7802 5951 3435 120 5024 6768 9466 5870 6756 3918 8937 7031 4902 120 1191 300 6975 8038 8703 6604 7751 3516 5643 9170 4497 8120 1500 7107 7095 6370 3550 6011 3428 6067 7380 5465 7667 1224 4109 1235 5690 6527 6420 8740 4113 6357 8096 5362 5223 1401 3113 6627 1050 4824 8356 7684 216 3328 6241 1138 5057 7068 5855 5345 7010 8616 4954 7799 4814 5003 4845 6841 7920 6536 977 3386 9398 6152 5521 7380 6589 6869 6529 7562 7716 6172 3945 8726 6209 1570 6603 5701 5412 6186 9510 5580 1116 3248 1578 8887 7806 8568 7970 6813 6201 8172 3759 937 6639 6021 5823 247 5101 9590 4648 5294 5460 6420 6665 1165 7688 1471 300 6917 1027 9473 9223 7091 7560 7506 5126 7622 
3036 216 1809 3485 5163 1864 2588 3946 5485 3118 7354 3542 3971 4964 6258 5221 5522 6274 7340 7388 3157 2568 6721 1266 0 3719 5184 6639 3208 60 3709 4235 2697 6580 6807 6573 2758 5968 6000 5344 8068 6925 8435 5114 5771 6576 5029 6092 7852 5632 5877 6323 834 306 3240 816 4818 6629 2930 6746 5718 7654 2531 5275 4764 247 4442 6199 5367 7733 6826 8416 3403 6072 4740 5851 1342 5345 6627 1518 4910 4980 6134 5009 6743 4322 2721 5389 6547 4705 3194 1283 3801 5955 8682 5079 5636 2935 8005 5930 4711 1385 1127 1445 5877 6782 7759 6797 6922 2512 4390 8382 4384 6860 268 6293 6307 6542 3226 4976 3059 5343 6121 5672 6837 134 3144 742 4680 5398 6318 7823 3062 6177 6840 4124 5448 1106 2886 5847 752 3590 7439 6421 1142 3125 6508 300 3818 6248 5127 5662 6112 7726 4863 6534 4599 4786 3625 6742 6662 6438 949 3089 8577 5427 4260 6123 5729 6678 6394 6704 6832 5142 2942 7818 6334 424 6423 4440 5593 5050 8721 4324 859 3062 323 7959 6960 7682 6708 5691 5196 6907 2736 900 6742 5041 4793 1501 5343 8819 4421 5173 5708 6672 6607 836 6423 457 1273 6168 240 8670 8411 6316 6300 6664 4950 6367 
5527 3522 3662 4479 5689 1879 2131 3346 4847 2419 6254 553 1146 2823 4502 1651 1932 3223 4763 3797 4020 1853 7536 4950 3719 0 6684 7590 4105 3778 60 553 1585 4224 4567 6601 2184 7011 4140 2174 5806 6697 6075 2107 2382 4133 2318 4027 4919 3722 2512 3079 4080 3413 4478 4140 5257 6421 1998 4279 2463 4857 1639 3789 2167 3966 949 3653 6534 4966 3581 5958 4126 7217 5441 5999 3955 6092 4331 5103 2037 3436 6349 2213 3578 853 1981 3618 2902 1036 4200 4938 134 3847 6261 3335 2259 1913 5129 2605 5089 5069 4156 5159 2568 3684 4860 7657 4556 1987 805 5977 5094 3678 3462 4108 4215 7394 4011 2154 3852 3768 2519 6790 4484 3801 1953 3840 2103 2005 6475 5018 1570 6145 3732 424 6661 3923 4128 3900 4020 134 4673 2868 4854 4262 7609 3944 170 4049 3612 7047 3625 5026 5454 3194 4957 5064 170 6816 3038 6580 4202 4032 6039 3818 892 2506 3493 6500 6441 4264 4270 2300 1829 5046 7104 3379 6333 1022 6664 1681 6281 816 4022 4277 3449 5100 4526 5003 3479 2297 2460 3569 1814 4200 7373 2478 2062 5195 6621 6432 4817 5580 6916 7706 6824 3962 3118 3488 4991 4260 3955 6187 5921 4271 2707 4295 5280 2724 
2341 5123 3569 2208 1630 5874 4583 3625 3305 7740 4539 6958 5909 5201 4983 8245 7380 6827 6662 8662 2673 4879 1765 4863 5184 6684 0 1589 2588 5168 6723 7178 5135 5943 5883 2616 4504 993 5043 6574 6613 3132 7003 6273 7121 6067 5885 5348 7560 5016 7136 9746 4380 5219 2259 4425 1869 2964 4686 6183 6869 7200 5134 4421 5705 5181 7628 6050 566 7202 10236 7143 2558 977 1519 2206 3852 1253 5880 4500 6051 4484 2182 5983 10251 7536 4714 4794 9251 7596 2504 4743 6653 5362 7263 4731 7031 4771 7562 7096 2003 4860 4075 5100 7039 10364 7440 1790 6121 4752 7468 7037 1728 10346 5142 5585 5461 1594 2676 6005 2843 4540 8987 732 6060 5283 4752 4442 5672 6933 2330 7322 5117 2549 10411 7047 509 4080 2652 5117 4453 6632 7020 9370 5049 2467 1381 5370 6853 5588 4449 484 5932 7086 1624 9828 2083 2114 6515 2636 9415 2400 4295 2673 7379 4592 7569 8955 5465 2946 2513 6123 6365 6075 4855 7264 1533 4993 2717 7706 764 6736 7321 7498 4337 2474 5389 7502 6240 7026 10141 7086 5958 10190 4884 4354 1959 5711 5862 4920 384 7305 2126 1809 646 1565 2377 4352 9768 4839 5163 5160 5123 7355 7191 5400 9171 6001 1981 9096 
3917 6554 4920 3333 1910 7086 5610 4285 3302 8964 3852 7945 6661 5592 4879 9037 7932 7058 6508 8936 3784 5909 268 6421 6639 7590 1589 0 3704 6629 7637 8032 6141 5902 5748 1800 5492 671 5049 7039 6185 2240 6540 6759 7556 6053 6341 5372 7439 5154 7543 10565 5864 6638 3491 5917 2337 2220 5629 6132 7276 7061 6176 4616 6216 6661 8506 6162 1273 7037 11031 6724 3596 612 2163 1883 5297 1500 5810 6067 6564 4795 1616 6459 11074 8428 5708 4991 9895 8402 3656 6301 7536 5437 6780 5032 7488 5713 7390 7481 2506 6424 5559 6667 7429 11203 7321 216 5995 5794 8331 6602 2531 11158 6567 5578 5427 247 3757 6494 3945 4723 9691 967 5952 6747 5641 5899 6204 7442 1638 7154 6036 2024 11245 7908 1201 5534 3891 5192 5932 7562 6913 10075 6600 3666 300 6848 7759 5598 4703 1138 6051 6896 2137 10608 2636 2546 7422 1690 10064 1624 5791 3814 6964 4749 8481 9652 5636 2161 1809 6075 6322 6523 5796 7084 537 6404 2048 8597 1048 7309 6840 8382 5813 3701 6814 7331 6126 6837 10946 7539 6374 10951 5874 5851 626 6141 6384 6490 1320 6784 2774 2038 962 180 1441 5821 10564 6261 6721 5123 6602 6900 6787 5351 9866 5942 2334 9756 
1994 3069 1401 384 1994 3382 1994 1471 2448 5260 4312 4370 3412 3134 3695 5692 4994 4809 5192 6502 85 2291 3722 3491 3208 4105 2588 3704 0 3216 4142 4611 2547 4390 4481 3369 1921 3060 3569 4302 5575 3719 5974 3997 4854 4460 3668 3790 5960 3343 4897 7177 2599 3122 424 2676 1620 3424 2114 4614 4645 5655 2547 2791 3439 3307 5052 4264 2513 5695 7673 6030 216 3231 1601 2646 1974 2259 4380 3279 3759 2656 2940 3737 7680 4957 2128 3076 6764 5044 120 3386 4080 3722 6241 2868 4745 2197 6034 4884 1505 3550 2340 3788 4824 7788 5845 3822 4673 2164 4897 5959 1224 7777 3065 4034 3973 3554 120 3744 255 2900 6469 2799 4593 3335 2203 2532 3386 4601 3121 5808 2546 2970 7836 4478 2630 2201 384 3522 2638 4049 5445 6848 3596 247 3654 3472 4273 4011 2719 2981 4147 5627 1697 7272 1392 1578 3936 3542 6924 3241 2585 120 6237 2980 4986 6441 3668 3472 3189 4558 4763 3852 2281 5772 3302 2882 3216 5126 2687 4352 6291 4920 2524 323 3302 5977 4759 5571 7575 4804 3782 7639 2297 2641 3668 3541 3572 3663 2568 6341 1213 1981 2896 3784 3422 2506 7206 2770 3757 3731 3248 6277 6051 3945 6656 4468 1744 6601 
